01011000010110000100
11110100111101001111
01001111010011110100
11110100111101001111
01001111010011110100
11110100111101001111
01001111010011110100
11110100111101001111
01001111010011110100
11110100111101001111
01001111010011110100
11110100111101001111
01001111010011110100
11110100111101001111
01001111010011110100
11110100111101001111
01001111010011110100
11110100111101001111
01001111010011110100
11110100111101001111
01001111010011110100
11110100111101001111
01001111010011110100
11110100111101001111
01001111010011110100
11110100111101001111
01001111010011110100
